[gd_scene load_steps=13 format=3 uid="uid://csn85ngtpeknh"]

[ext_resource type="Texture2D" uid="uid://c8arnlq67qi7" path="res://assets/textures/grids/Dark/texture_05.png" id="1_jyhfs"]
[ext_resource type="PackedScene" uid="uid://bq2jpmfnlnij1" path="res://scenes/player.tscn" id="1_tbgi4"]
[ext_resource type="Texture2D" uid="uid://b58xv1joypxo5" path="res://assets/textures/grids/Orange/texture_09.png" id="2_tbgi4"]
[ext_resource type="Texture2D" uid="uid://cm5m7nr7dugjd" path="res://assets/textures/grids/Purple/texture_09.png" id="3_tefeu"]
[ext_resource type="Texture2D" uid="uid://djg8y25y06h5n" path="res://assets/textures/grids/Green/texture_09.png" id="4_o6xl0"]

[sub_resource type="ProceduralSkyMaterial" id="ProceduralSkyMaterial_k0juu"]
sky_horizon_color = Color(0.662243, 0.671743, 0.686743, 1)
ground_horizon_color = Color(0.662243, 0.671743, 0.686743, 1)

[sub_resource type="Sky" id="Sky_71j4m"]
sky_material = SubResource("ProceduralSkyMaterial_k0juu")

[sub_resource type="Environment" id="Environment_qfnet"]
background_mode = 2
sky = SubResource("Sky_71j4m")
tonemap_mode = 2
sdfgi_enabled = true
glow_enabled = true
fog_enabled = true
fog_light_color = Color(1, 1, 1, 1)
fog_density = 0.001

[sub_resource type="StandardMaterial3D" id="StandardMaterial3D_rwgxs"]
albedo_texture = ExtResource("1_jyhfs")
uv1_triplanar = true

[sub_resource type="StandardMaterial3D" id="StandardMaterial3D_4wyf3"]
albedo_texture = ExtResource("2_tbgi4")

[sub_resource type="StandardMaterial3D" id="StandardMaterial3D_k0juu"]
albedo_texture = ExtResource("3_tefeu")
uv1_triplanar = true

[sub_resource type="StandardMaterial3D" id="StandardMaterial3D_71j4m"]
albedo_texture = ExtResource("4_o6xl0")
uv1_triplanar = true

[node name="world" type="Node3D"]

[node name="player" parent="." instance=ExtResource("1_tbgi4")]
sens_horizontal = 0.2
sens_vertical = 0.2

[node name="DirectionalLight3D" type="DirectionalLight3D" parent="."]
transform = Transform3D(-0.866025, -0.433013, 0.25, 0, 0.5, 0.866025, -0.5, 0.75, -0.433013, 0, 0, 0)
shadow_enabled = true

[node name="WorldEnvironment" type="WorldEnvironment" parent="."]
environment = SubResource("Environment_qfnet")

[node name="map" type="Node3D" parent="."]

[node name="floor" type="CSGBox3D" parent="map"]
transform = Transform3D(1, 0, 0, 0, 1, 0, 0, 0, 1, 0, -0.5, 0)
material_override = SubResource("StandardMaterial3D_rwgxs")
use_collision = true
size = Vector3(1000, 1, 1000)

[node name="box" type="CSGBox3D" parent="map"]
transform = Transform3D(0.665569, 0, -0.746336, 0, 1, 0, 0.746336, 0, 0.665569, 5.36658, 0.5, 0)
material_override = SubResource("StandardMaterial3D_4wyf3")
use_collision = true

[node name="box2" type="CSGBox3D" parent="map"]
transform = Transform3D(0.860484, 0, 0.509477, 0, 1, 0, -0.509477, 0, 0.860484, 0.366575, 1, 6)
material_override = SubResource("StandardMaterial3D_k0juu")
use_collision = true
size = Vector3(2, 2, 2)

[node name="box3" type="CSGBox3D" parent="map"]
transform = Transform3D(-0.495459, 0, 0.868632, 0, 1, 0, -0.868632, 0, -0.495459, -7.63342, 1.5, -2)
material_override = SubResource("StandardMaterial3D_71j4m")
use_collision = true
size = Vector3(3, 3, 3)
